#file written by params_file class
#tau0 155543.65282813762 taud 5.12 a*tau0 1871.5012308281518
dataset_type=InfiniteSlab
boxsize=3.086e+21
redshift=0.0
no_hubble_flow=true
rng.seed=1234
number_of_photons=1000000
dust.model=Dahlia
dust.albedo=0.0
slab.temperature=15.2587890625
slab.density_dust=3.2860849014211867e-26
slab.density=6.710095240397862e-05
