#file written by params_file class
#tau0 197378.74560455114 taud 0.04 a*tau0 2374.8610671139591
dataset_type=InfiniteSlab
boxsize=3.086e+21
redshift=0.0
no_hubble_flow=true
rng.seed=1234
number_of_photons=10000
dust.model=Dahlia
dust.albedo=0.0
slab.temperature=15.2587890625
slab.density_dust=2.567253829235302e-28
slab.density=8.514845558501706e-05
