#file written by params_file class
#tau0 106844.72505933365 taud 0.01 a*tau0 1285.5557319139025
dataset_type=InfiniteSlab
boxsize=3.086e+21
redshift=0.0
no_hubble_flow=true
rng.seed=1234
number_of_photons=10000
dust.model=Dahlia
dust.albedo=0.0
slab.temperature=15.2587890625
slab.density_dust=6.418134573088255e-29
slab.density=4.609241637615443e-05
