#file written by params_file class
#tau0 340425.53191489365 taud 0.000625 a*tau0 4096.0
dataset_type=InfiniteSlab
boxsize=3.086e+21
redshift=0.0
no_hubble_flow=true
rng.seed=1234
number_of_photons=10000
dust.model=Dahlia
dust.albedo=0.0
slab.temperature=15.2587890625
slab.density_dust=4.0113341081801596e-30
slab.density=0.00014685830632613344
