#file written by params_file class
#tau0 673588.99339417566 taud 0.64 a*tau0 8104.6227685187214
dataset_type=InfiniteSlab
boxsize=3.086e+21
redshift=0.0
no_hubble_flow=true
rng.seed=1234
number_of_photons=77172
dust.model=Dahlia
dust.albedo=0.0
slab.temperature=15.2587890625
slab.density_dust=4.1076061267764834e-27
slab.density=0.00029058378251876904
