#file written by params_file class
#tau0 462696.03094453464 taud 0.00125 a*tau0 5567.1586443246406
dataset_type=InfiniteSlab
boxsize=3.086e+21
redshift=0.0
no_hubble_flow=true
rng.seed=1234
number_of_photons=10000
dust.model=Dahlia
dust.albedo=0.0
slab.temperature=15.2587890625
slab.density_dust=8.022668216360319e-30
slab.density=0.00019960534412949454
