#file written by params_file class
#tau0 268271.18891560816 taud 0.08 a*tau0 3227.8389450325972
dataset_type=InfiniteSlab
boxsize=3.086e+21
redshift=0.0
no_hubble_flow=true
rng.seed=1234
number_of_photons=10000
dust.model=Dahlia
dust.albedo=0.0
slab.temperature=15.2587890625
slab.density_dust=5.134507658470604e-28
slab.density=0.00011573119154321789
